{
    "transformer": [
        [
            [
                0.11931638548147705,
                0.08668917413903618,
                0.16127307304218433,
                0.11876544546799059,
                0.13809526003281894,
                0.12814359117835425,
                0.0656794905734961,
                0.1010576246198579,
                0.04159138689682256,
                0.03938856856796213
            ],
            [
                0.14909203736188825,
                0.08787723226855583,
                0.02834454987255144,
                0.12501929888672209,
                0.1246339420279274,
                0.05329810579077283,
                0.12362254679796049,
                0.10975052632844402,
                0.13635712289498447,
                0.062004637770193174
            ],
            [
                0.14073446729179265,
                0.11473979059709573,
                0.14092185888697056,
                0.11158359376775588,
                0.08890275670081912,
                0.1417632264148499,
                0.022852911916899553,
                0.04207425158375469,
                0.13838117887902215,
                0.05804596396103982
            ],
            [
                0.1269437275918771,
                0.010015235635022844,
                0.09147499480243142,
                0.17788823895863634,
                0.07020761274595858,
                0.0677612625500056,
                0.037944802758757945,
                0.19459135371020367,
                0.15605509962237235,
                0.06711767162473417
            ],
            [
                0.07594866937795378,
                0.045476977117724915,
                0.1486508334658416,
                0.11618974226085568,
                0.23242536979875755,
                0.11995943322686661,
                0.10505365178317899,
                0.02737608050616441,
                0.09385976243048667,
                0.035059480032169694
            ],
            [
                0.04674048479849177,
                0.1006787781128181,
                0.014497249549500038,
                0.06926303799326006,
                0.15969133634616367,
                0.16067043308992296,
                0.09655248303312494,
                0.17550938792915566,
                0.10080269807846666,
                0.0755941110690959
            ],
            [
                0.06026059140358127,
                0.15094800622460175,
                0.15110942051079024,
                0.06775212903654353,
                0.13355508399216737,
                0.026722065098688123,
                0.08353030625900976,
                0.1408305077308536,
                0.12421506853770337,
                0.061076821206061005
            ],
            [
                0.16385800288540806,
                0.012688719686993555,
                0.14261697422832992,
                0.01235153503073806,
                0.13385034614560531,
                0.018026175099907685,
                0.18605915453723929,
                0.20992296958528392,
                0.024792934066114467,
                0.09583318873437963
            ],
            [
                0.1463025866147302,
                0.018478497194432602,
                0.14276517900732194,
                0.1496827237184139,
                0.10170521720371299,
                0.040881434470857424,
                0.11103700803677385,
                0.16295902941821852,
                0.01868600213468499,
                0.10750232220085354
            ],
            [
                0.0835221482946931,
                0.042767823817869255,
                0.21310445831844838,
                0.05727025231273357,
                0.029624996250045513,
                0.19940228164121487,
                0.17059941333376855,
                0.044983684323734625,
                0.05040780200306368,
                0.10831713970442837
            ]
        ],
        [
            [
                0.18877151058928485,
                0.02505850545639666,
                0.03923435689402322,
                0.1091897294676625,
                0.08558781910723924,
                0.021681004478324436,
                0.18998955835018247,
                0.15581893302810698,
                0.04057503690432198,
                0.1440935457244575
            ],
            [
                0.10903432344216843,
                0.05736838594028346,
                0.15040770303689233,
                0.17047343438092413,
                0.16441471400460328,
                0.0412354955034303,
                0.09035229459465267,
                0.1077087466983559,
                0.09473894330041072,
                0.014265959098278965
            ],
            [
                0.1246886003925874,
                0.114927755179487,
                0.08460122184303158,
                0.08765835145542558,
                0.17073725197463704,
                0.14831028691926354,
                0.05970789684793624,
                0.13390865270735908,
                0.023534183261210623,
                0.051925799419061884
            ],
            [
                0.01689718090164865,
                0.1690215615286331,
                0.10235351915284265,
                0.032963537870423616,
                0.006099253800723003,
                0.19769095019742797,
                0.19401826009539253,
                0.02860110804281359,
                0.1689560031623547,
                0.08339862524774017
            ],
            [
                0.17537789196676098,
                0.17979299819182948,
                0.12586587264463145,
                0.019949779838159515,
                0.037975541166539596,
                0.1740678803730879,
                0.015006188572383958,
                0.04710596347636177,
                0.11464048579348504,
                0.11021739797676036
            ],
            [
                0.04220217521502232,
                0.02103117578367068,
                0.033228790193933475,
                0.11727455711976073,
                0.09916626114605538,
                0.1679090978547869,
                0.16847881940298498,
                0.1354630943113744,
                0.034379147854883045,
                0.1808668811175281
            ],
            [
                0.0213096867468546,
                0.11458510541980382,
                0.13130523094917637,
                0.07272088079537184,
                0.12736197520020842,
                0.13794831255443252,
                0.08813820753102376,
                0.03878728129503667,
                0.1503573390113086,
                0.11748598049678335
            ],
            [
                0.14613293886512654,
                0.05147308237648923,
                0.049931657049236834,
                0.18773064355211996,
                0.11502495037546688,
                0.13947788757464266,
                0.007300312543026273,
                0.051542558830427486,
                0.08079227307779778,
                0.17059369575566644
            ],
            [
                0.11153431490612183,
                0.018713238384439765,
                0.12047923111108642,
                0.03785806735293475,
                0.020314357116650857,
                0.12278478076282866,
                0.1496484300213992,
                0.14350655717744287,
                0.1992818034802591,
                0.07587921968683654
            ],
            [
                0.15499193186887814,
                0.03477947438113101,
                0.11799740586138086,
                0.10610082597856108,
                0.15262401244990256,
                0.1552443347623556,
                0.046054144544122336,
                0.03201729099865355,
                0.07516300668989291,
                0.12502757246512183
            ]
        ],
        [
            [
                0.17561802695413917,
                0.14195849076122863,
                0.015825965960857943,
                0.16071489687392657,
                0.06379722899816569,
                0.02923176117743188,
                0.14559123084290904,
                0.16459908473377957,
                0.011201971110530297,
                0.09146134258703126
            ],
            [
                0.16449331015068883,
                0.14046199670204973,
                0.10965563450753772,
                0.1368935739460554,
                0.043033568302089015,
                0.15540426694472556,
                0.011996947838581578,
                0.13899890370173043,
                0.003906201170142046,
                0.09515559673639967
            ],
            [
                0.0410964415769595,
                0.12207940316151716,
                0.08088416820634707,
                0.1629755935781281,
                0.16132366284380104,
                0.1809461622766357,
                0.006864325202008079,
                0.049573406435905264,
                0.1695370296411934,
                0.024719807077504714
            ],
            [
                0.0842451966028053,
                0.04380674755343789,
                0.0937422928475816,
                0.1821351085138509,
                0.06468306082171969,
                0.1649978401776612,
                0.04193876812411093,
                0.09046937063611506,
                0.07144534359591038,
                0.1625362711268071
            ],
            [
                0.02996107433048892,
                0.16497642601252321,
                0.09057444223035002,
                0.0311908782767922,
                0.10748408185579438,
                0.13801503022753442,
                0.031048389526417818,
                0.1250121395996842,
                0.13050606871348588,
                0.1512314692269291
            ],
            [
                0.20638431718916195,
                0.04767257830811085,
                0.08747063489735152,
                0.14281240155220484,
                0.14836831064610786,
                0.017586665687054186,
                0.0943762065810924,
                0.1416959030458796,
                0.08419898402460474,
                0.029433998068432023
            ],
            [
                0.15495956478009199,
                0.09607046020158924,
                0.12989185849233797,
                0.13072711625071592,
                0.05428988140986067,
                0.1177651073973803,
                0.06972428813435774,
                0.08727823670155617,
                0.08578991338444976,
                0.07350357324766028
            ],
            [
                0.09530976495446966,
                0.1410649860788274,
                0.15743368237131009,
                0.051375557159567035,
                0.08560824981186427,
                0.13101565326260303,
                0.0854490175469967,
                0.13606773550457468,
                0.03347282294389254,
                0.08320253036589453
            ],
            [
                0.08740546365808707,
                0.054712001803641996,
                0.011318163920399527,
                0.16348597534509424,
                0.08824823279362491,
                0.10896704014905116,
                0.045470186435684554,
                0.1977668364084232,
                0.1933864464184411,
                0.049239653067552215
            ],
            [
                0.13344818227401617,
                0.027125230252866513,
                0.04233400590483752,
                0.0406678637501225,
                0.18053459544663192,
                0.02816916322118074,
                0.19220886220695949,
                0.08869570656005762,
                0.18445772189748444,
                0.08235866848584295
            ]
        ],
        [
            [
                0.13605747554569333,
                0.15182835849214302,
                0.148804281612978,
                0.11321107917014649,
                0.021440479421975873,
                0.10217835904671471,
                0.18174702536182674,
                0.014005623009825658,
                0.10813263877136542,
                0.022594679567330765
            ],
            [
                0.14083076396588756,
                0.05896355078684665,
                0.1897085416111457,
                0.020903519553302566,
                0.06633781072230822,
                0.09767321308412963,
                0.11435038536689901,
                0.0885657584494542,
                0.16919383283208272,
                0.05347262362794395
            ],
            [
                0.10179308064896772,
                0.06818371329284427,
                0.060118478416242585,
                0.033731315805490616,
                0.09922269517924598,
                0.11092522734999331,
                0.10754801139885566,
                0.09472937237455972,
                0.18969380252845294,
                0.13405430300534715
            ],
            [
                0.14995138114489065,
                0.20162866764235524,
                0.05123201622998391,
                0.02220875824167261,
                0.06482952840731648,
                0.1814703585356748,
                0.1445817459765496,
                0.07882039455413349,
                0.050625060734253644,
                0.05465208853316952
            ],
            [
                0.06527000731896619,
                0.06803545205879286,
                0.10834855315824952,
                0.1348824881568651,
                0.11067919521487195,
                0.049058362784397264,
                0.1335564478367409,
                0.1362054552324901,
                0.047016751404713106,
                0.14694728683391292
            ],
            [
                0.04984099278298101,
                0.09563998354755508,
                0.1257545588472642,
                0.08299808420129469,
                0.1480169058168163,
                0.15356372650251585,
                0.05916416253602143,
                0.08905361379338374,
                0.18853155130843147,
                0.0074364206637362006
            ],
            [
                0.12115157354914935,
                0.06153292875274929,
                0.14112248619038445,
                0.019731380807616383,
                0.1668467612031209,
                0.23524331250284683,
                0.006212513619157826,
                0.10783346485030236,
                0.1327689566129176,
                0.007556621911754951
            ],
            [
                0.0347875880970481,
                0.17584063204041517,
                0.10493117014602384,
                0.02113659293781523,
                0.019787059750273304,
                0.16222652748120614,
                0.05998661328047899,
                0.20108220044931985,
                0.10287650764706745,
                0.11734510817035194
            ],
            [
                0.16725805029505983,
                0.12838433706697594,
                0.12573336396863277,
                0.13568709087818284,
                0.012792567931768327,
                0.017401321187734516,
                0.13653848046336794,
                0.05829095809760414,
                0.058874154404314594,
                0.15903967570635905
            ],
            [
                0.10016014237076155,
                0.17276782459518514,
                0.15448445159517152,
                0.02307175963571551,
                0.08153614288507988,
                0.09894023127790312,
                0.02820107535522828,
                0.039221744434787126,
                0.17013136808081467,
                0.13148525976935316
            ]
        ]
    ]
}